 1.00000000e-01  3.54765445e-08  1.00000000e-01  8.29551705e-13  1.00000000e-01  5.03547350e-32 
 2.00000000e-01  8.76001379e-08  2.00000000e-01  2.64259101e-13  2.00000000e-01  2.45574584e-30 
 3.00000000e-01  1.56375709e-07  3.00000000e-01  7.59826230e-14  3.00000000e-01  1.17359533e-28 
 4.00000000e-01  2.34232559e-07  4.00000000e-01  4.38760139e-13  4.00000000e-01  5.60625300e-27 
 5.00000000e-01  3.17169329e-07  5.00000000e-01  7.87380577e-13  5.00000000e-01  2.67808422e-25 
 6.00000000e-01  4.03238642e-07  6.00000000e-01  1.13515100e-12  6.00000000e-01  1.27931157e-23 
 7.00000000e-01  4.91353959e-07  7.00000000e-01  1.48404899e-12  7.00000000e-01  6.11123301e-22 
 8.00000000e-01  5.80850909e-07  8.00000000e-01  1.83516397e-12  8.00000000e-01  2.91931957e-20 
 9.00000000e-01  6.70877959e-07  9.00000000e-01  2.18786100e-12  9.00000000e-01  1.42065547e-19 
 1.00000000e+00  7.62059339e-07  1.00000000e+00  2.54727489e-12  1.00000000e+00  6.78643542e-18 
 1.10000000e+00  8.53532152e-07  1.10000000e+00  2.91579261e-12  1.10000000e+00  3.24186461e-16 
 1.20000000e+00  9.42209258e-07  1.20000000e+00  3.53780893e-12  1.20000000e+00  1.52017474e-13 
 1.30000000e+00  9.94504244e-07  1.30000000e+00  1.23671490e-11  1.30000000e+00  7.26170665e-12 
 1.40000000e+00  9.99644558e-07  1.40000000e+00  3.83243208e-10  1.40000000e+00  3.46875687e-10 
 1.50000000e+00  9.98663791e-07  1.50000000e+00  1.77410263e-08  1.50000000e+00  1.65687533e-08 
 1.60000000e+00  9.46878684e-07  1.60000000e+00  8.42911303e-07  1.60000000e+00  7.89941484e-07 
 1.70000000e+00  1.46979460e-06  1.70000000e+00  3.73817704e-05  1.70000000e+00  3.49120183e-05 
 1.80000000e+00  9.14008249e-05  1.80000000e+00  7.08163266e-04  1.80000000e+00  6.15761293e-04 
 1.90000000e+00  1.23721951e-03  1.90000000e+00  3.82000520e-03  1.90000000e+00  2.58177045e-03 
 2.00000000e+00  4.18417091e-03  2.00000000e+00  9.19601949e-03  2.00000000e+00  5.01079731e-03 
 2.10000000e+00  7.80728017e-03  2.10000000e+00  1.54138590e-02  2.10000000e+00  7.60548325e-03 
 2.20000000e+00  1.16005359e-02  2.20000000e+00  2.19437532e-02  2.20000000e+00  1.03420754e-02 
 2.30000000e+00  1.54013326e-02  2.30000000e+00  2.85432795e-02  2.30000000e+00  1.31407585e-02 
 2.40000000e+00  1.91890405e-02  2.40000000e+00  3.51408228e-02  2.40000000e+00  1.59505476e-02 
 2.50000000e+00  2.29363879e-02  2.50000000e+00  4.16986342e-02  2.50000000e+00  1.87609657e-02 
 2.60000000e+00  2.66724465e-02  2.60000000e+00  4.82355162e-02  2.60000000e+00  2.15617433e-02 
 2.70000000e+00  3.04139158e-02  2.70000000e+00  5.47741833e-02  2.70000000e+00  2.43588954e-02 
 2.80000000e+00  3.41640109e-02  2.80000000e+00  6.13219541e-02  2.80000000e+00  2.71565253e-02 
 2.90000000e+00  3.79229919e-02  2.90000000e+00  6.78806760e-02  2.90000000e+00  2.99562201e-02 
 3.00000000e+00  4.16899079e-02  3.00000000e+00  7.44499336e-02  3.00000000e+00  3.27585156e-02 
 3.10000000e+00  4.54636129e-02  3.10000000e+00  8.10286675e-02  3.10000000e+00  3.55634984e-02 
 3.20000000e+00  4.92430550e-02  3.20000000e+00  8.76157453e-02  3.20000000e+00  3.83710879e-02 
 3.30000000e+00  5.30273480e-02  3.30000000e+00  9.42101456e-02  3.30000000e+00  4.11811488e-02 
 3.40000000e+00  5.68157655e-02  3.40000000e+00  1.00810996e-01  3.40000000e+00  4.39935358e-02 
 3.50000000e+00  6.06077158e-02  3.50000000e+00  1.07417566e-01  3.50000000e+00  4.68081087e-02 
 3.60000000e+00  6.44027150e-02  3.60000000e+00  1.14029241e-01  3.60000000e+00  4.96247380e-02 
 3.70000000e+00  6.82003649e-02  3.70000000e+00  1.20645505e-01  3.70000000e+00  5.24433053e-02 
 3.80000000e+00  7.20003344e-02  3.80000000e+00  1.27265918e-01  3.80000000e+00  5.52637033e-02 
 3.90000000e+00  7.58023463e-02  3.90000000e+00  1.33890108e-01  3.90000000e+00  5.80858342e-02 
 4.00000000e+00  7.96061661e-02  4.00000000e+00  1.40517749e-01  4.00000000e+00  6.09096090e-02 
 4.10000000e+00  8.34115944e-02  4.10000000e+00  1.47148561e-01  4.10000000e+00  6.37349466e-02 
 4.20000000e+00  8.72184598e-02  4.20000000e+00  1.53782299e-01  4.20000000e+00  6.65617726e-02 
 4.30000000e+00  9.10266145e-02  4.30000000e+00  1.60418747e-01  4.30000000e+00  6.93900190e-02 
 4.40000000e+00  9.48359301e-02  4.40000000e+00  1.67057713e-01  4.40000000e+00  7.22196230e-02 
 4.50000000e+00  9.86462945e-02  4.50000000e+00  1.73699028e-01  4.50000000e+00  7.50505269e-02 
 4.60000000e+00  1.02457609e-01  4.60000000e+00  1.80342540e-01  4.60000000e+00  7.78826775e-02 
 4.70000000e+00  1.06269787e-01  4.70000000e+00  1.86988112e-01  4.70000000e+00  8.07160251e-02 
 4.80000000e+00  1.10082751e-01  4.80000000e+00  1.93635621e-01  4.80000000e+00  8.35505241e-02 
 4.90000000e+00  1.13896433e-01  4.90000000e+00  2.00284957e-01  4.90000000e+00  8.63861317e-02 
 5.00000000e+00  1.17710771e-01  5.00000000e+00  2.06936019e-01  5.00000000e+00  8.92228081e-02 
 5.10000000e+00  1.21525711e-01  5.10000000e+00  2.13588714e-01  5.10000000e+00  9.20605163e-02 
 5.20000000e+00  1.25341204e-01  5.20000000e+00  2.20242958e-01  5.20000000e+00  9.48992215e-02 
 5.30000000e+00  1.29157205e-01  5.30000000e+00  2.26898675e-01  5.30000000e+00  9.77388911e-02 
 5.40000000e+00  1.32973673e-01  5.40000000e+00  2.33555793e-01  5.40000000e+00  1.00579495e-01 
 5.50000000e+00  1.36790573e-01  5.50000000e+00  2.40214248e-01  5.50000000e+00  1.03421003e-01 
 5.60000000e+00  1.40607870e-01  5.60000000e+00  2.46873979e-01  5.60000000e+00  1.06263389e-01 
 5.70000000e+00  1.44425536e-01  5.70000000e+00  2.53534930e-01  5.70000000e+00  1.09106628e-01 
 5.80000000e+00  1.48243542e-01  5.80000000e+00  2.60197050e-01  5.80000000e+00  1.11950695e-01 
 5.90000000e+00  1.52061864e-01  5.90000000e+00  2.66860290e-01  5.90000000e+00  1.14795567e-01 
 6.00000000e+00  1.55880477e-01  6.00000000e+00  2.73524606e-01  6.00000000e+00  1.17641223e-01 
 6.10000000e+00  1.59699361e-01  6.10000000e+00  2.80189955e-01  6.10000000e+00  1.20487642e-01 
 6.20000000e+00  1.63518496e-01  6.20000000e+00  2.86856299e-01  6.20000000e+00  1.23334804e-01 
 6.30000000e+00  1.67337864e-01  6.30000000e+00  2.93523601e-01  6.30000000e+00  1.26182691e-01 
 6.40000000e+00  1.71157448e-01  6.40000000e+00  3.00191826e-01  6.40000000e+00  1.29031285e-01 
 6.50000000e+00  1.74977234e-01  6.50000000e+00  3.06860942e-01  6.50000000e+00  1.31880569e-01 
 6.60000000e+00  1.78797206e-01  6.60000000e+00  3.13530919e-01  6.60000000e+00  1.34730528e-01 
 6.70000000e+00  1.82617351e-01  6.70000000e+00  3.20201728e-01  6.70000000e+00  1.37581144e-01 
 6.80000000e+00  1.86437657e-01  6.80000000e+00  3.26873341e-01  6.80000000e+00  1.40432405e-01 
 6.90000000e+00  1.90258114e-01  6.90000000e+00  3.33545734e-01  6.90000000e+00  1.43284295e-01 
 7.00000000e+00  1.94078709e-01  7.00000000e+00  3.40218882e-01  7.00000000e+00  1.46136801e-01 
 7.10000000e+00  1.97899433e-01  7.10000000e+00  3.46892762e-01  7.10000000e+00  1.48989911e-01 
 7.20000000e+00  2.01720277e-01  7.20000000e+00  3.53567353e-01  7.20000000e+00  1.51843611e-01 
 7.30000000e+00  2.05541232e-01  7.30000000e+00  3.60242633e-01  7.30000000e+00  1.54697889e-01 
 7.40000000e+00  2.09362291e-01  7.40000000e+00  3.66918584e-01  7.40000000e+00  1.57552735e-01 
 7.50000000e+00  2.13183444e-01  7.50000000e+00  3.73595186e-01  7.50000000e+00  1.60408136e-01 
 7.60000000e+00  2.17004687e-01  7.60000000e+00  3.80272422e-01  7.60000000e+00  1.63264083e-01 
 7.70000000e+00  2.20826011e-01  7.70000000e+00  3.86950274e-01  7.70000000e+00  1.66120564e-01 
 7.80000000e+00  2.24647411e-01  7.80000000e+00  3.93628727e-01  7.80000000e+00  1.68977571e-01 
 7.90000000e+00  2.28468880e-01  7.90000000e+00  4.00307765e-01  7.90000000e+00  1.71835093e-01 
 8.00000000e+00  2.32290414e-01  8.00000000e+00  4.06987373e-01  8.00000000e+00  1.74693120e-01 
 8.10000000e+00  2.36112007e-01  8.10000000e+00  4.13667537e-01  8.10000000e+00  1.77551645e-01 
 8.20000000e+00  2.39933654e-01  8.20000000e+00  4.20348244e-01  8.20000000e+00  1.80410658e-01 
 8.30000000e+00  2.43755350e-01  8.30000000e+00  4.27029481e-01  8.30000000e+00  1.83270152e-01 
 8.40000000e+00  2.47577092e-01  8.40000000e+00  4.33711234e-01  8.40000000e+00  1.86130117e-01 
 8.50000000e+00  2.51398876e-01  8.50000000e+00  4.40393493e-01  8.50000000e+00  1.88990546e-01 
 8.60000000e+00  2.55220697e-01  8.60000000e+00  4.47076246e-01  8.60000000e+00  1.91851431e-01 
 8.70000000e+00  2.59042551e-01  8.70000000e+00  4.53759482e-01  8.70000000e+00  1.94712765e-01 
 8.80000000e+00  2.62864436e-01  8.80000000e+00  4.60443189e-01  8.80000000e+00  1.97574541e-01 
 8.90000000e+00  2.66686349e-01  8.90000000e+00  4.67127359e-01  8.90000000e+00  2.00436752e-01 
 9.00000000e+00  2.70508285e-01  9.00000000e+00  4.73811981e-01  9.00000000e+00  2.03299390e-01 
 9.10000000e+00  2.74330243e-01  9.10000000e+00  4.80497045e-01  9.10000000e+00  2.06162450e-01 
 9.20000000e+00  2.78152220e-01  9.20000000e+00  4.87182543e-01  9.20000000e+00  2.09025925e-01 
 9.30000000e+00  2.81974212e-01  9.30000000e+00  4.93868466e-01  9.30000000e+00  2.11889809e-01 
 9.40000000e+00  2.85796218e-01  9.40000000e+00  5.00554805e-01  9.40000000e+00  2.14754095e-01 
 9.50000000e+00  2.89618236e-01  9.50000000e+00  5.07241552e-01  9.50000000e+00  2.17618778e-01 
 9.60000000e+00  2.93440262e-01  9.60000000e+00  5.13928700e-01  9.60000000e+00  2.20483852e-01 
 9.70000000e+00  2.97262296e-01  9.70000000e+00  5.20616239e-01  9.70000000e+00  2.23349312e-01 
 9.80000000e+00  3.01084334e-01  9.80000000e+00  5.27304164e-01  9.80000000e+00  2.26215152e-01 
 9.90000000e+00  3.04906376e-01  9.90000000e+00  5.33992467e-01  9.90000000e+00  2.29081366e-01 
 1.00000000e+01  3.08728419e-01  1.00000000e+01  5.40681141e-01  1.00000000e+01  2.31947950e-01 
